//v File Header --------------------
    Mesh count
19
    Mesh Group count
0
    Material count
9
    Point Light count
3
    Directional count
1
//^ File Header --------------------

//v Mesh 0 Header  --------------------
    Mesh name: 
bridge
    Material ID : 
0
    Translation vector: 
0.0000000000, 0.0000000000, 0.0000000000
    Rotation vector: 
0.0000000000, 0.0000000000, 0.0000000000
    Scale vector: 
1.0000000000, 1.0000000000, 1.0000000000
    Is child: 
0
    Parent Name: 
RootNode
    Parent type: 
-1
  # Attribute type: 
2
  # Attribute link: 
0
  # Attribute dir: 
0
  # Attribute dist: 
0.0000000000
  # Attribute collect: 
0
  # Vertex count: 
36
    Joint count: 
0
    Animation count: 
0
//^ Mesh 0 Header  --------------------

    //v Mesh 0 Vertices  --------------------
    ~ 0 Vertex position / uv / normal / tangent / binormal 
5.8914451599, -0.6192677021, -1.9623622894
0.3750000000, 0.0000000000, 
0.0000000000, 0.0000000000, -1.0000000000
-1.0000000000, -0.0000000000, 0.0000000000
0.0000000000, 1.0000000000, 0.0000000000
    ~ 1 Vertex position / uv / normal / tangent / binormal 
-6.5484833717, -0.6192677021, -1.9623622894
0.6250000000, 0.0000000000, 
0.0000000000, 0.0000000000, -1.0000000000
-1.0000000000, -0.0000000000, 0.0000000000
0.0000000000, 1.0000000000, 0.0000000000
    ~ 2 Vertex position / uv / normal / tangent / binormal 
5.8914451599, 0.0000000000, -1.9623622894
0.3750000000, 0.2500000000, 
0.0000000000, 0.0000000000, -1.0000000000
-1.0000000000, -0.0000000000, 0.0000000000
0.0000000000, 1.0000000000, 0.0000000000
    ~ 3 Vertex position / uv / normal / tangent / binormal 
5.8914451599, 0.0000000000, -1.9623622894
0.3750000000, 0.2500000000, 
0.0000000000, 0.0000000000, -1.0000000000
-1.0000000000, 0.0000000000, 0.0000000000
0.0000000000, 1.0000000000, 0.0000000000
    ~ 4 Vertex position / uv / normal / tangent / binormal 
-6.5484833717, -0.6192677021, -1.9623622894
0.6250000000, 0.0000000000, 
0.0000000000, 0.0000000000, -1.0000000000
-1.0000000000, 0.0000000000, 0.0000000000
0.0000000000, 1.0000000000, 0.0000000000
    ~ 5 Vertex position / uv / normal / tangent / binormal 
-6.5484833717, 0.0000000000, -1.9623622894
0.6250000000, 0.2500000000, 
0.0000000000, 0.0000000000, -1.0000000000
-1.0000000000, 0.0000000000, 0.0000000000
0.0000000000, 1.0000000000, 0.0000000000
    ~ 6 Vertex position / uv / normal / tangent / binormal 
5.8914451599, 0.0000000000, -1.9623622894
0.3750000000, 0.2500000000, 
0.0000000000, 1.0000000000, 0.0000000000
-1.0000000000, 0.0000000000, 0.0000000000
0.0000000000, -0.0000000000, 1.0000000000
    ~ 7 Vertex position / uv / normal / tangent / binormal 
-6.5484833717, 0.0000000000, -1.9623622894
0.6250000000, 0.2500000000, 
0.0000000000, 1.0000000000, 0.0000000000
-1.0000000000, 0.0000000000, 0.0000000000
0.0000000000, -0.0000000000, 1.0000000000
    ~ 8 Vertex position / uv / normal / tangent / binormal 
5.8914451599, 0.0000000000, 1.9062008858
0.3750000000, 0.5000000000, 
0.0000000000, 1.0000000000, 0.0000000000
-1.0000000000, 0.0000000000, 0.0000000000
0.0000000000, -0.0000000000, 1.0000000000
    ~ 9 Vertex position / uv / normal / tangent / binormal 
5.8914451599, 0.0000000000, 1.9062008858
0.3750000000, 0.5000000000, 
0.0000000000, 1.0000000000, 0.0000000000
-1.0000000000, 0.0000000000, -0.0000000000
-0.0000000000, 0.0000000000, 1.0000000000
    ~ 10 Vertex position / uv / normal / tangent / binormal 
-6.5484833717, 0.0000000000, -1.9623622894
0.6250000000, 0.2500000000, 
0.0000000000, 1.0000000000, 0.0000000000
-1.0000000000, 0.0000000000, -0.0000000000
-0.0000000000, 0.0000000000, 1.0000000000
    ~ 11 Vertex position / uv / normal / tangent / binormal 
-6.5484833717, 0.0000000000, 1.9062008858
0.6250000000, 0.5000000000, 
0.0000000000, 1.0000000000, 0.0000000000
-1.0000000000, 0.0000000000, -0.0000000000
-0.0000000000, 0.0000000000, 1.0000000000
    ~ 12 Vertex position / uv / normal / tangent / binormal 
5.8914451599, 0.0000000000, 1.9062008858
0.3750000000, 0.5000000000, 
0.0000000000, 0.0000000000, 1.0000000000
-1.0000000000, 0.0000000000, -0.0000000000
-0.0000000000, -1.0000000000, 0.0000000000
    ~ 13 Vertex position / uv / normal / tangent / binormal 
-6.5484833717, 0.0000000000, 1.9062008858
0.6250000000, 0.5000000000, 
0.0000000000, 0.0000000000, 1.0000000000
-1.0000000000, 0.0000000000, -0.0000000000
-0.0000000000, -1.0000000000, 0.0000000000
    ~ 14 Vertex position / uv / normal / tangent / binormal 
5.8914451599, -0.6192677021, 1.9062008858
0.3750000000, 0.7500000000, 
0.0000000000, 0.0000000000, 1.0000000000
-1.0000000000, 0.0000000000, -0.0000000000
-0.0000000000, -1.0000000000, 0.0000000000
    ~ 15 Vertex position / uv / normal / tangent / binormal 
5.8914451599, -0.6192677021, 1.9062008858
0.3750000000, 0.7500000000, 
0.0000000000, 0.0000000000, 1.0000000000
-1.0000000000, 0.0000000000, 0.0000000000
0.0000000000, -1.0000000000, 0.0000000000
    ~ 16 Vertex position / uv / normal / tangent / binormal 
-6.5484833717, 0.0000000000, 1.9062008858
0.6250000000, 0.5000000000, 
0.0000000000, 0.0000000000, 1.0000000000
-1.0000000000, 0.0000000000, 0.0000000000
0.0000000000, -1.0000000000, 0.0000000000
    ~ 17 Vertex position / uv / normal / tangent / binormal 
-6.5484833717, -0.6192677021, 1.9062008858
0.6250000000, 0.7500000000, 
0.0000000000, 0.0000000000, 1.0000000000
-1.0000000000, 0.0000000000, 0.0000000000
0.0000000000, -1.0000000000, 0.0000000000
    ~ 18 Vertex position / uv / normal / tangent / binormal 
5.8914451599, -0.6192677021, 1.9062008858
0.3750000000, 0.7500000000, 
0.0000000000, -1.0000000000, 0.0000000000
-1.0000000000, 0.0000000000, 0.0000000000
-0.0000000000, -0.0000000000, -1.0000000000
    ~ 19 Vertex position / uv / normal / tangent / binormal 
-6.5484833717, -0.6192677021, 1.9062008858
0.6250000000, 0.7500000000, 
0.0000000000, -1.0000000000, 0.0000000000
-1.0000000000, 0.0000000000, 0.0000000000
-0.0000000000, -0.0000000000, -1.0000000000
    ~ 20 Vertex position / uv / normal / tangent / binormal 
5.8914451599, -0.6192677021, -1.9623622894
0.3750000000, 1.0000000000, 
0.0000000000, -1.0000000000, 0.0000000000
-1.0000000000, 0.0000000000, 0.0000000000
-0.0000000000, -0.0000000000, -1.0000000000
    ~ 21 Vertex position / uv / normal / tangent / binormal 
5.8914451599, -0.6192677021, -1.9623622894
0.3750000000, 1.0000000000, 
0.0000000000, -1.0000000000, 0.0000000000
-1.0000000000, 0.0000000000, 0.0000000000
-0.0000000000, -0.0000000000, -1.0000000000
    ~ 22 Vertex position / uv / normal / tangent / binormal 
-6.5484833717, -0.6192677021, 1.9062008858
0.6250000000, 0.7500000000, 
0.0000000000, -1.0000000000, 0.0000000000
-1.0000000000, 0.0000000000, 0.0000000000
-0.0000000000, -0.0000000000, -1.0000000000
    ~ 23 Vertex position / uv / normal / tangent / binormal 
0.0000000000, 0.0000000000, 0.0000000000
0.0000000000, 0.0000000000, 
0.0000000000, 0.0000000000, 0.0000000000
0.0000000000, 0.0000000000, 0.0000000000
0.0000000000, 0.0000000000, 0.0000000000
    ~ 24 Vertex position / uv / normal / tangent / binormal 
0.0000000000, 0.0000000000, 0.0000000000
0.0000000000, 0.0000000000, 
0.0000000000, 0.0000000000, 0.0000000000
0.0000000000, 0.0000000000, 0.0000000000
0.0000000000, 0.0000000000, 0.0000000000
    ~ 25 Vertex position / uv / normal / tangent / binormal 
0.0000000000, 0.0000000000, 0.0000000000
0.0000000000, 0.0000000000, 
0.0000000000, 0.0000000000, 0.0000000000
0.0000000000, 0.0000000000, 0.0000000000
0.0000000000, 0.0000000000, 0.0000000000
    ~ 26 Vertex position / uv / normal / tangent / binormal 
0.0000000000, 0.0000000000, 0.0000000000
0.0000000000, 0.0000000000, 
0.0000000000, 0.0000000000, 0.0000000000
0.0000000000, 0.0000000000, 0.0000000000
0.0000000000, 0.0000000000, 0.0000000000
    ~ 27 Vertex position / uv / normal / tangent / binormal 
0.0000000000, 0.0000000000, 0.0000000000
0.0000000000, 0.0000000000, 
0.0000000000, 0.0000000000, 0.0000000000
0.0000000000, 0.0000000000, 0.0000000000
0.0000000000, 0.0000000000, 0.0000000000
    ~ 28 Vertex position / uv / normal / tangent / binormal 
0.0000000000, 0.0000000000, 0.0000000000
0.0000000000, 0.0000000000, 
0.0000000000, 0.0000000000, 0.0000000000
0.0000000000, 0.0000000000, 0.0000000000
0.0000000000, 0.0000000000, 0.0000000000
    ~ 29 Vertex position / uv / normal / tangent / binormal 
0.0000000000, 0.0000000000, 0.0000000000
0.0000000000, 0.0000000000, 
0.0000000000, 0.0000000000, 0.0000000000
0.0000000000, 0.0000000000, 0.0000000000
0.0000000000, 0.0000000000, 0.0000000000
    ~ 30 Vertex position / uv / normal / tangent / binormal 
0.0000000000, 0.0000000000, 0.0000000000
0.0000000000, 0.0000000000, 
0.0000000000, 0.0000000000, 0.0000000000
0.0000000000, 0.0000000000, 0.0000000000
0.0000000000, 0.0000000000, 0.0000000000
    ~ 31 Vertex position / uv / normal / tangent / binormal 
0.0000000000, 0.0000000000, 0.0000000000
0.0000000000, 0.0000000000, 
0.0000000000, 0.0000000000, 0.0000000000
0.0000000000, 0.0000000000, 0.0000000000
0.0000000000, 0.0000000000, 0.0000000000
    ~ 32 Vertex position / uv / normal / tangent / binormal 
0.0000000000, 0.0000000000, 0.0000000000
0.0000000000, 0.0000000000, 
0.0000000000, 0.0000000000, 0.0000000000
0.0000000000, 0.0000000000, 0.0000000000
0.0000000000, 0.0000000000, 0.0000000000
    ~ 33 Vertex position / uv / normal / tangent / binormal 
0.0000000000, 0.0000000000, 0.0000000000
0.0000000000, 0.0000000000, 
0.0000000000, 0.0000000000, 0.0000000000
0.0000000000, 0.0000000000, 0.0000000000
0.0000000000, 0.0000000000, 0.0000000000
    ~ 34 Vertex position / uv / normal / tangent / binormal 
0.0000000000, 0.0000000000, 0.0000000000
0.0000000000, 0.0000000000, 
0.0000000000, 0.0000000000, 0.0000000000
0.0000000000, 0.0000000000, 0.0000000000
0.0000000000, 0.0000000000, 0.0000000000
    ~ 35 Vertex position / uv / normal / tangent / binormal 
0.0000000000, 0.0000000000, 0.0000000000
0.0000000000, 0.0000000000, 
0.0000000000, 0.0000000000, 0.0000000000
0.0000000000, 0.0000000000, 0.0000000000
0.0000000000, 0.0000000000, 0.0000000000
    //^ Mesh 0 Vertices  --------------------

    //v Mesh 0 Joints  --------------------
    //^ Mesh 0 Joints  --------------------

    //v Mesh 0 Animations  --------------------
    //^ Mesh 0 Animations  --------------------

//v Mesh 1 Header  --------------------
    Mesh name: 
playerPos
    Material ID : 
1
    Translation vector: 
-9.2269697189, 1.0210882425, -10.5401325226
    Rotation vector: 
0.0000000000, 0.0000000000, 0.0000000000
    Scale vector: 
1.0000000000, 1.0000000000, 1.0000000000
    Is child: 
0
    Parent Name: 
RootNode
    Parent type: 
-1
  # Attribute type: 
8
  # Attribute link: 
0
  # Attribute dir: 
0
  # Attribute dist: 
0.0000000000
  # Attribute collect: 
0
  # Vertex count: 
240
    Joint count: 
0
    Animation count: 
0
//^ Mesh 1 Header  --------------------

    //v Mesh 1 Vertices  --------------------
    ~ 0 Vertex position / uv / normal / tangent / binormal 
0.1347270608, -0.6031276584, 0.4146475196
0.3750000000, 0.3125000000, 
0.3090159297, 0.0000000000, 0.9510568976
0.9510568976, 0.0000000000, -0.3090158999
-0.0000000000, 1.0000000000, 0.0000000000
    ~ 1 Vertex position / uv / normal / tangent / binormal 
0.2562661171, -0.6031276584, 0.3527202606
0.3874999881, 0.3125000000, 
0.5877851844, 0.0000000000, 0.8090170026
0.8090170622, -0.0000000000, -0.5877851844
0.0000000000, 1.0000000000, -0.0000000000
    ~ 2 Vertex position / uv / normal / tangent / binormal 
0.1347270608, 0.6031276584, 0.4146475196
0.3750000000, 0.6884398460, 
0.3090160489, 0.0000000000, 0.9510567784
0.9510568380, 0.0000000000, -0.3090160787
-0.0000000000, 1.0000000000, 0.0000000000
    ~ 3 Vertex position / uv / normal / tangent / binormal 
0.1347270608, 0.6031276584, 0.4146475196
0.3750000000, 0.6884398460, 
0.3090160489, 0.0000000000, 0.9510567784
0.9510568380, 0.0000000000, -0.3090160787
-0.0000000000, 1.0000000000, 0.0000000000
    ~ 4 Vertex position / uv / normal / tangent / binormal 
0.2562661171, -0.6031276584, 0.3527202606
0.3874999881, 0.3125000000, 
0.5877851844, 0.0000000000, 0.8090170026
0.8090170622, -0.0000000000, -0.5877851844
0.0000000000, 1.0000000000, -0.0000000000
    ~ 5 Vertex position / uv / normal / tangent / binormal 
0.2562661171, 0.6031276584, 0.3527202606
0.3874999881, 0.6884398460, 
0.5877853036, 0.0000000000, 0.8090170026
0.8090169430, -0.0000000000, -0.5877853036
0.0000000000, 1.0000000000, -0.0000000000
    ~ 6 Vertex position / uv / normal / tangent / binormal 
0.2562661171, -0.6031276584, 0.3527202606
0.3874999881, 0.3125000000, 
0.5877851844, 0.0000000000, 0.8090170026
0.8090171218, 0.0000000000, -0.5877852440
-0.0000000000, 1.0000000000, 0.0000000000
    ~ 7 Vertex position / uv / normal / tangent / binormal 
0.3527201116, -0.6031276584, 0.2562662959
0.3999999762, 0.3125000000, 
0.8090170026, 0.0000000000, 0.5877851844
0.5877852440, -0.0000000000, -0.8090171218
0.0000000000, 1.0000000000, -0.0000000000
    ~ 8 Vertex position / uv / normal / tangent / binormal 
0.2562661171, 0.6031276584, 0.3527202606
0.3874999881, 0.6884398460, 
0.5877853036, 0.0000000000, 0.8090170026
0.8090170026, 0.0000000000, -0.5877852440
-0.0000000000, 1.0000000000, 0.0000000000
    ~ 9 Vertex position / uv / normal / tangent / binormal 
0.2562661171, 0.6031276584, 0.3527202606
0.3874999881, 0.6884398460, 
0.5877853036, 0.0000000000, 0.8090170026
0.8090170026, 0.0000000000, -0.5877852440
-0.0000000000, 1.0000000000, 0.0000000000
    ~ 10 Vertex position / uv / normal / tangent / binormal 
0.3527201116, -0.6031276584, 0.2562662959
0.3999999762, 0.3125000000, 
0.8090170026, 0.0000000000, 0.5877851844
0.5877852440, -0.0000000000, -0.8090171218
0.0000000000, 1.0000000000, -0.0000000000
    ~ 11 Vertex position / uv / normal / tangent / binormal 
0.3527201116, 0.6031276584, 0.2562662959
0.3999999762, 0.6884398460, 
0.8090170026, 0.0000000000, 0.5877852440
0.5877852440, -0.0000000000, -0.8090170026
0.0000000000, 1.0000000000, -0.0000000000
    ~ 12 Vertex position / uv / normal / tangent / binormal 
0.3527201116, -0.6031276584, 0.2562662959
0.3999999762, 0.3125000000, 
0.8090170026, 0.0000000000, 0.5877851844
0.5877851844, 0.0000000000, -0.8090170622
-0.0000000000, 1.0000000000, 0.0000000000
    ~ 13 Vertex position / uv / normal / tangent / binormal 
0.4146473408, -0.6031276584, 0.1347271800
0.4124999642, 0.3125000000, 
0.9510565996, 0.0000000000, 0.3090167344
0.3090167344, -0.0000000000, -0.9510565996
0.0000000000, 1.0000000000, -0.0000000000
    ~ 14 Vertex position / uv / normal / tangent / binormal 
0.3527201116, 0.6031276584, 0.2562662959
0.3999999762, 0.6884398460, 
0.8090170026, 0.0000000000, 0.5877852440
0.5877852440, 0.0000000000, -0.8090170026
-0.0000000000, 1.0000000000, 0.0000000000
    ~ 15 Vertex position / uv / normal / tangent / binormal 
0.3527201116, 0.6031276584, 0.2562662959
0.3999999762, 0.6884398460, 
0.8090170026, 0.0000000000, 0.5877852440
0.5877852440, 0.0000000000, -0.8090170026
-0.0000000000, 1.0000000000, 0.0000000000
    ~ 16 Vertex position / uv / normal / tangent / binormal 
0.4146473408, -0.6031276584, 0.1347271800
0.4124999642, 0.3125000000, 
0.9510565996, 0.0000000000, 0.3090167344
0.3090167344, -0.0000000000, -0.9510565996
0.0000000000, 1.0000000000, -0.0000000000
    ~ 17 Vertex position / uv / normal / tangent / binormal 
0.4146473408, 0.6031276584, 0.1347271800
0.4124999642, 0.6884398460, 
0.9510565996, 0.0000000000, 0.3090167046
0.3090167046, -0.0000000000, -0.9510565996
0.0000000000, 1.0000000000, -0.0000000000
    ~ 18 Vertex position / uv / normal / tangent / binormal 
0.4146473408, -0.6031276584, 0.1347271800
0.4124999642, 0.3125000000, 
0.9510565996, 0.0000000000, 0.3090167344
0.3090167344, 0.0000000000, -0.9510565996
-0.0000000000, 1.0000000000, 0.0000000000
    ~ 19 Vertex position / uv / normal / tangent / binormal 
0.4359860122, -0.6031276584, 0.0000000000
0.4249999523, 0.3125000000, 
1.0000000000, 0.0000000000, -0.0000000803
-0.0000000803, -0.0000000000, -1.0000000000
-0.0000000000, 1.0000000000, 0.0000000000
    ~ 20 Vertex position / uv / normal / tangent / binormal 
0.4146473408, 0.6031276584, 0.1347271800
0.4124999642, 0.6884398460, 
0.9510565996, 0.0000000000, 0.3090167046
0.3090167046, 0.0000000000, -0.9510565996
-0.0000000000, 1.0000000000, 0.0000000000
    ~ 21 Vertex position / uv / normal / tangent / binormal 
0.4146473408, 0.6031276584, 0.1347271800
0.4124999642, 0.6884398460, 
0.9510565996, 0.0000000000, 0.3090167046
0.3090167046, 0.0000000000, -0.9510565996
-0.0000000000, 1.0000000000, 0.0000000000
    ~ 22 Vertex position / uv / normal / tangent / binormal 
0.4359860122, -0.6031276584, 0.0000000000
0.4249999523, 0.3125000000, 
1.0000000000, 0.0000000000, -0.0000000803
-0.0000000803, -0.0000000000, -1.0000000000
-0.0000000000, 1.0000000000, 0.0000000000
    ~ 23 Vertex position / uv / normal / tangent / binormal 
0.4359860122, 0.6031276584, 0.0000000000
0.4249999523, 0.6884398460, 
1.0000000000, 0.0000000000, -0.0000001386
-0.0000001386, -0.0000000000, -1.0000000000
-0.0000000000, 1.0000000000, 0.0000000000
    ~ 24 Vertex position / uv / normal / tangent / binormal 
0.4359860122, -0.6031276584, 0.0000000000
0.4249999523, 0.3125000000, 
1.0000000000, 0.0000000000, -0.0000000803
-0.0000000803, 0.0000000000, -1.0000000000
0.0000000000, 1.0000000000, 0.0000000000
    ~ 25 Vertex position / uv / normal / tangent / binormal 
0.4146473110, -0.6031276584, -0.1347270608
0.4374999404, 0.3125000000, 
0.9510564208, 0.0000000000, -0.3090172112
-0.3090172410, -0.0000000000, -0.9510565400
-0.0000000000, 1.0000000000, 0.0000000000
    ~ 26 Vertex position / uv / normal / tangent / binormal 
0.4359860122, 0.6031276584, 0.0000000000
0.4249999523, 0.6884398460, 
1.0000000000, 0.0000000000, -0.0000001386
-0.0000001386, 0.0000000000, -1.0000000000
0.0000000000, 1.0000000000, 0.0000000000
    ~ 27 Vertex position / uv / normal / tangent / binormal 
0.4359860122, 0.6031276584, 0.0000000000
0.4249999523, 0.6884398460, 
1.0000000000, 0.0000000000, -0.0000001386
-0.0000001386, 0.0000000000, -1.0000000000
0.0000000000, 1.0000000000, 0.0000000000
    ~ 28 Vertex position / uv / normal / tangent / binormal 
0.4146473110, -0.6031276584, -0.1347270608
0.4374999404, 0.3125000000, 
0.9510564208, 0.0000000000, -0.3090172112
-0.3090172410, -0.0000000000, -0.9510565400
-0.0000000000, 1.0000000000, 0.0000000000
    ~ 29 Vertex position / uv / normal / tangent / binormal 
0.4146473110, 0.6031276584, -0.1347270608
0.4374999404, 0.6884398460, 
0.9510564208, 0.0000000000, -0.3090172410
-0.3090172708, -0.0000000000, -0.9510565400
-0.0000000000, 1.0000000000, 0.0000000000
    ~ 30 Vertex position / uv / normal / tangent / binormal 
0.4146473110, -0.6031276584, -0.1347270608
0.4374999404, 0.3125000000, 
0.9510564208, 0.0000000000, -0.3090172112
-0.3090172410, 0.0000000000, -0.9510565400
0.0000000000, 1.0000000000, 0.0000000000
    ~ 31 Vertex position / uv / normal / tangent / binormal 
0.3527200222, -0.6031276584, -0.2562661171
0.4499999285, 0.3125000000, 
0.8090168834, 0.0000000000, -0.5877854824
-0.5877854824, -0.0000000000, -0.8090168238
-0.0000000000, 1.0000000000, 0.0000000000
    ~ 32 Vertex position / uv / normal / tangent / binormal 
0.4146473110, 0.6031276584, -0.1347270608
0.4374999404, 0.6884398460, 
0.9510564208, 0.0000000000, -0.3090172410
-0.3090172708, 0.0000000000, -0.9510565400
0.0000000000, 1.0000000000, 0.0000000000
    ~ 33 Vertex position / uv / normal / tangent / binormal 
0.4146473110, 0.6031276584, -0.1347270608
0.4374999404, 0.6884398460, 
0.9510564208, 0.0000000000, -0.3090172410
-0.3090172708, 0.0000000000, -0.9510565400
0.0000000000, 1.0000000000, 0.0000000000
    ~ 34 Vertex position / uv / normal / tangent / binormal 
0.3527200222, -0.6031276584, -0.2562661171
0.4499999285, 0.3125000000, 
0.8090168834, 0.0000000000, -0.5877854824
-0.5877854824, -0.0000000000, -0.8090168238
-0.0000000000, 1.0000000000, 0.0000000000
    ~ 35 Vertex position / uv / normal / tangent / binormal 
0.3527200222, 0.6031276584, -0.2562661171
0.4499999285, 0.6884398460, 
0.8090168834, 0.0000000000, -0.5877855420
-0.5877855420, -0.0000000000, -0.8090168238
-0.0000000000, 1.0000000000, 0.0000000000
    ~ 36 Vertex position / uv / normal / tangent / binormal 
0.3527200222, -0.6031276584, -0.2562661171
0.4499999285, 0.3125000000, 
0.8090168834, 0.0000000000, -0.5877854824
-0.5877854228, 0.0000000000, -0.8090168834
0.0000000000, 1.0000000000, 0.0000000000
    ~ 37 Vertex position / uv / normal / tangent / binormal 
0.2562660575, -0.6031276584, -0.3527200222
0.4624999166, 0.3125000000, 
0.5877851844, 0.0000000000, -0.8090171218
-0.8090171814, -0.0000000000, -0.5877851844
-0.0000000000, 1.0000000000, 0.0000000000
    ~ 38 Vertex position / uv / normal / tangent / binormal 
0.3527200222, 0.6031276584, -0.2562661171
0.4499999285, 0.6884398460, 
0.8090168834, 0.0000000000, -0.5877855420
-0.5877854824, 0.0000000000, -0.8090168238
0.0000000000, 1.0000000000, 0.0000000000
    ~ 39 Vertex position / uv / normal / tangent / binormal 
0.3527200222, 0.6031276584, -0.2562661171
0.4499999285, 0.6884398460, 
0.8090168834, 0.0000000000, -0.5877855420
-0.5877854824, 0.0000000000, -0.8090168238
0.0000000000, 1.0000000000, 0.0000000000
    ~ 40 Vertex position / uv / normal / tangent / binormal 
0.2562660575, -0.6031276584, -0.3527200222
0.4624999166, 0.3125000000, 
0.5877851844, 0.0000000000, -0.8090171218
-0.8090171814, -0.0000000000, -0.5877851844
-0.0000000000, 1.0000000000, 0.0000000000
    ~ 41 Vertex position / uv / normal / tangent / binormal 
0.2562660575, 0.6031276584, -0.3527200222
0.4624999166, 0.6884398460, 
0.5877850056, 0.0000000000, -0.8090171814
-0.8090171814, -0.0000000000, -0.5877850056
-0.0000000000, 1.0000000000, 0.0000000000
    ~ 42 Vertex position / uv / normal / tangent / binormal 
0.2562660575, -0.6031276584, -0.3527200222
0.4624999166, 0.3125000000, 
0.5877851844, 0.0000000000, -0.8090171218
-0.8090170622, 0.0000000000, -0.5877851844
0.0000000000, 1.0000000000, 0.0000000000
    ~ 43 Vertex position / uv / normal / tangent / binormal 
0.1347269416, -0.6031276584, -0.4146472812
0.4749999046, 0.3125000000, 
0.3090169430, 0.0000000000, -0.9510565400
-0.9510565400, -0.0000000000, -0.3090169430
-0.0000000000, 1.0000000000, 0.0000000000
    ~ 44 Vertex position / uv / normal / tangent / binormal 
0.2562660575, 0.6031276584, -0.3527200222
0.4624999166, 0.6884398460, 
0.5877850056, 0.0000000000, -0.8090171814
-0.8090171814, 0.0000000000, -0.5877850056
0.0000000000, 1.0000000000, 0.0000000000
    ~ 45 Vertex position / uv / normal / tangent / binormal 
0.2562660575, 0.6031276584, -0.3527200222
0.4624999166, 0.6884398460, 
0.5877850056, 0.0000000000, -0.8090171814
-0.8090171814, 0.0000000000, -0.5877850056
0.0000000000, 1.0000000000, 0.0000000000
    ~ 46 Vertex position / uv / normal / tangent / binormal 
0.1347269416, -0.6031276584, -0.4146472812
0.4749999046, 0.3125000000, 
0.3090169430, 0.0000000000, -0.9510565400
-0.9510565400, -0.0000000000, -0.3090169430
-0.0000000000, 1.0000000000, 0.0000000000
    ~ 47 Vertex position / uv / normal / tangent / binormal 
0.1347269416, 0.6031276584, -0.4146472812
0.4749999046, 0.6884398460, 
0.3090166450, 0.0000000000, -0.9510565996
-0.9510567188, -0.0000000000, -0.3090167046
-0.0000000000, 1.0000000000, 0.0000000000
    ~ 48 Vertex position / uv / normal / tangent / binormal 
0.1347269416, -0.6031276584, -0.4146472812
0.4749999046, 0.3125000000, 
0.3090169430, 0.0000000000, -0.9510565400
-0.9510565400, 0.0000000000, -0.3090169430
0.0000000000, 1.0000000000, 0.0000000000
    ~ 49 Vertex position / uv / normal / tangent / binormal 
-0.0000001192, -0.6031276584, -0.4359859228
0.4874998927, 0.3125000000, 
0.0000003721, 0.0000000000, -1.0000000000
-1.0000000000, -0.0000000000, -0.0000003721
-0.0000000000, 1.0000000000, 0.0000000000
    ~ 50 Vertex position / uv / normal / tangent / binormal 
0.1347269416, 0.6031276584, -0.4146472812
0.4749999046, 0.6884398460, 
0.3090166450, 0.0000000000, -0.9510565996
-0.9510566592, 0.0000000000, -0.3090166450
0.0000000000, 1.0000000000, 0.0000000000
    ~ 51 Vertex position / uv / normal / tangent / binormal 
0.1347269416, 0.6031276584, -0.4146472812
0.4749999046, 0.6884398460, 
0.3090166450, 0.0000000000, -0.9510565996
-0.9510566592, 0.0000000000, -0.3090166450
0.0000000000, 1.0000000000, 0.0000000000
    ~ 52 Vertex position / uv / normal / tangent / binormal 
-0.0000001192, -0.6031276584, -0.4359859228
0.4874998927, 0.3125000000, 
0.0000003721, 0.0000000000, -1.0000000000
-1.0000000000, -0.0000000000, -0.0000003721
-0.0000000000, 1.0000000000, 0.0000000000
    ~ 53 Vertex position / uv / normal / tangent / binormal 
-0.0000001192, 0.6031276584, -0.4359859228
0.4874998927, 0.6884398460, 
-0.0000003721, 0.0000000000, -1.0000000000
-1.0000000000, -0.0000000000, 0.0000003721
0.0000000000, 1.0000000000, 0.0000000000
    ~ 54 Vertex position / uv / normal / tangent / binormal 
-0.0000001192, -0.6031276584, -0.4359859228
0.4874998927, 0.3125000000, 
0.0000003721, 0.0000000000, -1.0000000000
-1.0000000000, 0.0000000000, -0.0000003721
0.0000000000, 1.0000000000, 0.0000000000
    ~ 55 Vertex position / uv / normal / tangent / binormal 
-0.1347271800, -0.6031276584, -0.4146472812
0.4999998808, 0.3125000000, 
-0.3090167940, 0.0000000000, -0.9510566592
-0.9510565996, -0.0000000000, 0.3090167940
0.0000000000, 1.0000000000, 0.0000000000
    ~ 56 Vertex position / uv / normal / tangent / binormal 
-0.0000001192, 0.6031276584, -0.4359859228
0.4874998927, 0.6884398460, 
-0.0000003721, 0.0000000000, -1.0000000000
-1.0000000000, 0.0000000000, 0.0000003721
0.0000000000, 1.0000000000, 0.0000000000
    ~ 57 Vertex position / uv / normal / tangent / binormal 
-0.0000001192, 0.6031276584, -0.4359859228
0.4874998927, 0.6884398460, 
-0.0000003721, 0.0000000000, -1.0000000000
-1.0000000000, 0.0000000000, 0.0000003721
0.0000000000, 1.0000000000, 0.0000000000
    ~ 58 Vertex position / uv / normal / tangent / binormal 
-0.1347271800, -0.6031276584, -0.4146472812
0.4999998808, 0.3125000000, 
-0.3090167940, 0.0000000000, -0.9510566592
-0.9510565996, -0.0000000000, 0.3090167940
0.0000000000, 1.0000000000, 0.0000000000
    ~ 59 Vertex position / uv / normal / tangent / binormal 
-0.1347271800, 0.6031276584, -0.4146472812
0.4999998808, 0.6884398460, 
-0.3090171218, 0.0000000000, -0.9510565400
-0.9510564804, -0.0000000000, 0.3090171218
0.0000000000, 1.0000000000, 0.0000000000
    ~ 60 Vertex position / uv / normal / tangent / binormal 
-0.1347271800, -0.6031276584, -0.4146472812
0.4999998808, 0.3125000000, 
-0.3090167940, 0.0000000000, -0.9510566592
-0.9510565996, 0.0000000000, 0.3090167344
0.0000000000, 1.0000000000, 0.0000000000
    ~ 61 Vertex position / uv / normal / tangent / binormal 
-0.2562661767, -0.6031276584, -0.3527200222
0.5124998689, 0.3125000000, 
-0.5877855420, 0.0000000000, -0.8090168834
-0.8090168238, -0.0000000000, 0.5877855420
0.0000000000, 1.0000000000, 0.0000000000
    ~ 62 Vertex position / uv / normal / tangent / binormal 
-0.1347271800, 0.6031276584, -0.4146472812
0.4999998808, 0.6884398460, 
-0.3090171218, 0.0000000000, -0.9510565400
-0.9510564804, 0.0000000000, 0.3090170920
0.0000000000, 1.0000000000, 0.0000000000
    ~ 63 Vertex position / uv / normal / tangent / binormal 
-0.1347271800, 0.6031276584, -0.4146472812
0.4999998808, 0.6884398460, 
-0.3090171218, 0.0000000000, -0.9510565400
-0.9510564804, 0.0000000000, 0.3090170920
0.0000000000, 1.0000000000, 0.0000000000
    ~ 64 Vertex position / uv / normal / tangent / binormal 
-0.2562661767, -0.6031276584, -0.3527200222
0.5124998689, 0.3125000000, 
-0.5877855420, 0.0000000000, -0.8090168834
-0.8090168238, -0.0000000000, 0.5877855420
0.0000000000, 1.0000000000, 0.0000000000
    ~ 65 Vertex position / uv / normal / tangent / binormal 
-0.2562661767, 0.6031276584, -0.3527200222
0.5124998689, 0.6884398460, 
-0.5877854228, 0.0000000000, -0.8090169430
-0.8090168834, -0.0000000000, 0.5877854228
0.0000000000, 1.0000000000, 0.0000000000
    ~ 66 Vertex position / uv / normal / tangent / binormal 
-0.2562661767, -0.6031276584, -0.3527200222
0.5124998689, 0.3125000000, 
-0.5877855420, 0.0000000000, -0.8090168834
-0.8090168238, 0.0000000000, 0.5877854824
0.0000000000, 1.0000000000, 0.0000000000
    ~ 67 Vertex position / uv / normal / tangent / binormal 
-0.3527201116, -0.6031276584, -0.2562660575
0.5249998569, 0.3125000000, 
-0.8090170622, 0.0000000000, -0.5877851844
-0.5877851844, -0.0000000000, 0.8090170622
0.0000000000, 1.0000000000, 0.0000000000
    ~ 68 Vertex position / uv / normal / tangent / binormal 
-0.2562661767, 0.6031276584, -0.3527200222
0.5124998689, 0.6884398460, 
-0.5877854228, 0.0000000000, -0.8090169430
-0.8090170026, 0.0000000000, 0.5877854228
0.0000000000, 1.0000000000, 0.0000000000
    ~ 69 Vertex position / uv / normal / tangent / binormal 
-0.2562661767, 0.6031276584, -0.3527200222
0.5124998689, 0.6884398460, 
-0.5877854228, 0.0000000000, -0.8090169430
-0.8090170026, 0.0000000000, 0.5877854228
0.0000000000, 1.0000000000, 0.0000000000
    ~ 70 Vertex position / uv / normal / tangent / binormal 
-0.3527201116, -0.6031276584, -0.2562660575
0.5249998569, 0.3125000000, 
-0.8090170622, 0.0000000000, -0.5877851844
-0.5877851844, -0.0000000000, 0.8090170622
0.0000000000, 1.0000000000, 0.0000000000
    ~ 71 Vertex position / uv / normal / tangent / binormal 
-0.3527201116, 0.6031276584, -0.2562660575
0.5249998569, 0.6884398460, 
-0.8090169430, 0.0000000000, -0.5877853036
-0.5877853036, -0.0000000000, 0.8090169430
0.0000000000, 1.0000000000, 0.0000000000
    ~ 72 Vertex position / uv / normal / tangent / binormal 
-0.3527201116, -0.6031276584, -0.2562660575
0.5249998569, 0.3125000000, 
-0.8090170622, 0.0000000000, -0.5877851844
-0.5877851844, 0.0000000000, 0.8090170622
0.0000000000, 1.0000000000, 0.0000000000
    ~ 73 Vertex position / uv / normal / tangent / binormal 
-0.4146473408, -0.6031276584, -0.1347270608
0.5374998450, 0.3125000000, 
-0.9510565996, 0.0000000000, -0.3090170324
-0.3090169728, -0.0000000000, 0.9510565400
0.0000000000, 1.0000000000, 0.0000000000
    ~ 74 Vertex position / uv / normal / tangent / binormal 
-0.3527201116, 0.6031276584, -0.2562660575
0.5249998569, 0.6884398460, 
-0.8090169430, 0.0000000000, -0.5877853036
-0.5877853036, 0.0000000000, 0.8090169430
0.0000000000, 1.0000000000, 0.0000000000
    ~ 75 Vertex position / uv / normal / tangent / binormal 
-0.3527201116, 0.6031276584, -0.2562660575
0.5249998569, 0.6884398460, 
-0.8090169430, 0.0000000000, -0.5877853036
-0.5877853036, 0.0000000000, 0.8090169430
0.0000000000, 1.0000000000, 0.0000000000
    ~ 76 Vertex position / uv / normal / tangent / binormal 
-0.4146473408, -0.6031276584, -0.1347270608
0.5374998450, 0.3125000000, 
-0.9510565996, 0.0000000000, -0.3090170324
-0.3090169728, -0.0000000000, 0.9510565400
0.0000000000, 1.0000000000, 0.0000000000
    ~ 77 Vertex position / uv / normal / tangent / binormal 
-0.4146473408, 0.6031276584, -0.1347270608
0.5374998450, 0.6884398460, 
-0.9510565400, 0.0000000000, -0.3090170026
-0.3090169728, -0.0000000000, 0.9510565400
0.0000000000, 1.0000000000, 0.0000000000
    ~ 78 Vertex position / uv / normal / tangent / binormal 
-0.4146473408, -0.6031276584, -0.1347270608
0.5374998450, 0.3125000000, 
-0.9510565996, 0.0000000000, -0.3090170324
-0.3090170622, 0.0000000000, 0.9510565996
0.0000000000, 1.0000000000, 0.0000000000
    ~ 79 Vertex position / uv / normal / tangent / binormal 
-0.4359860122, -0.6031276584, 0.0000000000
0.5499998331, 0.3125000000, 
-1.0000000000, 0.0000000000, 0.0000000730
0.0000000730, -0.0000000000, 1.0000000000
0.0000000000, 1.0000000000, 0.0000000000
    ~ 80 Vertex position / uv / normal / tangent / binormal 
-0.4146473408, 0.6031276584, -0.1347270608
0.5374998450, 0.6884398460, 
-0.9510565400, 0.0000000000, -0.3090170026
-0.3090170026, 0.0000000000, 0.9510565400
0.0000000000, 1.0000000000, 0.0000000000
    ~ 81 Vertex position / uv / normal / tangent / binormal 
-0.4146473408, 0.6031276584, -0.1347270608
0.5374998450, 0.6884398460, 
-0.9510565400, 0.0000000000, -0.3090170026
-0.3090170026, 0.0000000000, 0.9510565400
0.0000000000, 1.0000000000, 0.0000000000
    ~ 82 Vertex position / uv / normal / tangent / binormal 
-0.4359860122, -0.6031276584, 0.0000000000
0.5499998331, 0.3125000000, 
-1.0000000000, 0.0000000000, 0.0000000730
0.0000000730, -0.0000000000, 1.0000000000
0.0000000000, 1.0000000000, 0.0000000000
    ~ 83 Vertex position / uv / normal / tangent / binormal 
-0.4359860122, 0.6031276584, 0.0000000000
0.5499998331, 0.6884398460, 
-1.0000000000, 0.0000000000, 0.0000001386
0.0000001386, -0.0000000000, 1.0000000000
0.0000000000, 1.0000000000, 0.0000000000
    ~ 84 Vertex position / uv / normal / tangent / binormal 
-0.4359860122, -0.6031276584, 0.0000000000
0.5499998331, 0.3125000000, 
-1.0000000000, 0.0000000000, 0.0000000730
0.0000000730, 0.0000000000, 1.0000000000
0.0000000000, 1.0000000000, -0.0000000000
    ~ 85 Vertex position / uv / normal / tangent / binormal 
-0.4146473110, -0.6031276584, 0.1347270608
0.5624998212, 0.3125000000, 
-0.9510565400, 0.0000000000, 0.3090170324
0.3090170622, -0.0000000000, 0.9510565996
0.0000000000, 1.0000000000, 0.0000000000
    ~ 86 Vertex position / uv / normal / tangent / binormal 
-0.4359860122, 0.6031276584, 0.0000000000
0.5499998331, 0.6884398460, 
-1.0000000000, 0.0000000000, 0.0000001386
0.0000001386, 0.0000000000, 1.0000000000
0.0000000000, 1.0000000000, -0.0000000000
    ~ 87 Vertex position / uv / normal / tangent / binormal 
-0.4359860122, 0.6031276584, 0.0000000000
0.5499998331, 0.6884398460, 
-1.0000000000, 0.0000000000, 0.0000001386
0.0000001386, 0.0000000000, 1.0000000000
0.0000000000, 1.0000000000, -0.0000000000
    ~ 88 Vertex position / uv / normal / tangent / binormal 
-0.4146473110, -0.6031276584, 0.1347270608
0.5624998212, 0.3125000000, 
-0.9510565400, 0.0000000000, 0.3090170324
0.3090170622, -0.0000000000, 0.9510565996
0.0000000000, 1.0000000000, 0.0000000000
    ~ 89 Vertex position / uv / normal / tangent / binormal 
-0.4146473110, 0.6031276584, 0.1347270608
0.5624998212, 0.6884398460, 
-0.9510565400, 0.0000000000, 0.3090170622
0.3090170920, -0.0000000000, 0.9510565996
0.0000000000, 1.0000000000, 0.0000000000
    ~ 90 Vertex position / uv / normal / tangent / binormal 
-0.4146473110, -0.6031276584, 0.1347270608
0.5624998212, 0.3125000000, 
-0.9510565400, 0.0000000000, 0.3090170324
0.3090170026, 0.0000000000, 0.9510565400
0.0000000000, 1.0000000000, -0.0000000000
    ~ 91 Vertex position / uv / normal / tangent / binormal 
-0.3527200818, -0.6031276584, 0.2562661171
0.5749998093, 0.3125000000, 
-0.8090170622, 0.0000000000, 0.5877851248
0.5877851844, -0.0000000000, 0.8090171814
0.0000000000, 1.0000000000, 0.0000000000
    ~ 92 Vertex position / uv / normal / tangent / binormal 
-0.4146473110, 0.6031276584, 0.1347270608
0.5624998212, 0.6884398460, 
-0.9510565400, 0.0000000000, 0.3090170622
0.3090170622, 0.0000000000, 0.9510565996
0.0000000000, 1.0000000000, -0.0000000000
    ~ 93 Vertex position / uv / normal / tangent / binormal 
-0.4146473110, 0.6031276584, 0.1347270608
0.5624998212, 0.6884398460, 
-0.9510565400, 0.0000000000, 0.3090170622
0.3090170622, 0.0000000000, 0.9510565996
0.0000000000, 1.0000000000, -0.0000000000
    ~ 94 Vertex position / uv / normal / tangent / binormal 
-0.3527200818, -0.6031276584, 0.2562661171
0.5749998093, 0.3125000000, 
-0.8090170622, 0.0000000000, 0.5877851248
0.5877851844, -0.0000000000, 0.8090171814
0.0000000000, 1.0000000000, 0.0000000000
    ~ 95 Vertex position / uv / normal / tangent / binormal 
-0.3527200818, 0.6031276584, 0.2562661171
0.5749998093, 0.6884398460, 
-0.8090170622, 0.0000000000, 0.5877852440
0.5877852440, -0.0000000000, 0.8090170026
0.0000000000, 1.0000000000, 0.0000000000
    ~ 96 Vertex position / uv / normal / tangent / binormal 
-0.3527200818, -0.6031276584, 0.2562661171
0.5749998093, 0.3125000000, 
-0.8090170622, 0.0000000000, 0.5877851248
0.5877851844, 0.0000000000, 0.8090171814
0.0000000000, 1.0000000000, -0.0000000000
    ~ 97 Vertex position / uv / normal / tangent / binormal 
-0.2562661767, -0.6031276584, 0.3527200222
0.5874997973, 0.3125000000, 
-0.5877854228, 0.0000000000, 0.8090168238
0.8090168238, -0.0000000000, 0.5877854824
0.0000000000, 1.0000000000, 0.0000000000
    ~ 98 Vertex position / uv / normal / tangent / binormal 
-0.3527200818, 0.6031276584, 0.2562661171
0.5749998093, 0.6884398460, 
-0.8090170622, 0.0000000000, 0.5877852440
0.5877852440, 0.0000000000, 0.8090171218
0.0000000000, 1.0000000000, -0.0000000000
    ~ 99 Vertex position / uv / normal / tangent / binormal 
-0.3527200818, 0.6031276584, 0.2562661171
0.5749998093, 0.6884398460, 
-0.8090170622, 0.0000000000, 0.5877852440
0.5877852440, 0.0000000000, 0.8090171218
0.0000000000, 1.0000000000, -0.0000000000
    ~ 100 Vertex position / uv / normal / tangent / binormal 
-0.2562661767, -0.6031276584, 0.3527200222
0.5874997973, 0.3125000000, 
-0.5877854228, 0.0000000000, 0.8090168238
0.8090168238, -0.0000000000, 0.5877854824
0.0000000000, 1.0000000000, 0.0000000000
    ~ 101 Vertex position / uv / normal / tangent / binormal 
-0.2562661767, 0.6031276584, 0.3527200222
0.5874997973, 0.6884398460, 
-0.5877853036, 0.0000000000, 0.8090169430
0.8090169430, -0.0000000000, 0.5877853036
0.0000000000, 1.0000000000, 0.0000000000
    ~ 102 Vertex position / uv / normal / tangent / binormal 
-0.2562661767, -0.6031276584, 0.3527200222
0.5874997973, 0.3125000000, 
-0.5877854228, 0.0000000000, 0.8090168238
0.8090168834, 0.0000000000, 0.5877854228
0.0000000000, 1.0000000000, -0.0000000000
    ~ 103 Vertex position / uv / normal / tangent / binormal 
-0.1347271800, -0.6031276584, 0.4146472812
0.5999997854, 0.3125000000, 
-0.3090171218, 0.0000000000, 0.9510565400
0.9510564804, -0.0000000000, 0.3090170920
0.0000000000, 1.0000000000, 0.0000000000
    ~ 104 Vertex position / uv / normal / tangent / binormal 
-0.2562661767, 0.6031276584, 0.3527200222
0.5874997973, 0.6884398460, 
-0.5877853036, 0.0000000000, 0.8090169430
0.8090169430, 0.0000000000, 0.5877853036
0.0000000000, 1.0000000000, -0.0000000000
    ~ 105 Vertex position / uv / normal / tangent / binormal 
-0.2562661767, 0.6031276584, 0.3527200222
0.5874997973, 0.6884398460, 
-0.5877853036, 0.0000000000, 0.8090169430
0.8090169430, 0.0000000000, 0.5877853036
0.0000000000, 1.0000000000, -0.0000000000
    ~ 106 Vertex position / uv / normal / tangent / binormal 
-0.1347271800, -0.6031276584, 0.4146472812
0.5999997854, 0.3125000000, 
-0.3090171218, 0.0000000000, 0.9510565400
0.9510564804, -0.0000000000, 0.3090170920
0.0000000000, 1.0000000000, 0.0000000000
    ~ 107 Vertex position / uv / normal / tangent / binormal 
-0.1347271800, 0.6031276584, 0.4146472812
0.5999997854, 0.6884398460, 
-0.3090167940, 0.0000000000, 0.9510566592
0.9510565996, -0.0000000000, 0.3090167344
0.0000000000, 1.0000000000, 0.0000000000
    ~ 108 Vertex position / uv / normal / tangent / binormal 
-0.1347271800, -0.6031276584, 0.4146472812
0.5999997854, 0.3125000000, 
-0.3090171218, 0.0000000000, 0.9510565400
